index	REF_START	QUERY_START	REF_END	QUERY_END	REF_LENGTH	QUERY_LENGTH	REF_NAME	QUERY_NAME
0	37	19	3903	3614	3866	3595	Human_brd.fasta	Mouse_brd.fasta
1	4252	3601	5588	4922	1336	1321	Human_brd.fasta	Mouse_brd.fasta
2	6900	5546	9095	8047	2195	2501	Human_brd.fasta	Mouse_brd.fasta
3	9060	9803	12449	13313	3389	3510	Human_brd.fasta	Mouse_brd.fasta
4	13766	13486	15473	14973	1707	1487	Human_brd.fasta	Mouse_brd.fasta
5	17325	15199	23900	21699	6575	6500	Human_brd.fasta	Mouse_brd.fasta
6	25127	22067	25528	22474	401	407	Human_brd.fasta	Mouse_brd.fasta
7	28506	23947	30479	26080	1973	2133	Human_brd.fasta	Mouse_brd.fasta
8	31104	26284	35049	29820	3945	3536	Human_brd.fasta	Mouse_brd.fasta
9	35611	32484	36171	33041	560	557	Human_brd.fasta	Mouse_brd.fasta
10	37824	35362	49271	46941	11447	11579	Human_brd.fasta	Mouse_brd.fasta
11	41134	38288	41242	38396	108	108	Human_brd.fasta	Mouse_brd.fasta
12	49598	46917	50132	47421	534	504	Human_brd.fasta	Mouse_brd.fasta
13	52198	49032	54610	51639	2412	2607	Human_brd.fasta	Mouse_brd.fasta
14	54663	52384	56544	54098	1881	1714	Human_brd.fasta	Mouse_brd.fasta
15	61346	65244	64690	68749	3344	3505	Human_brd.fasta	Mouse_brd.fasta
16	66714	68881	69381	71358	2667	2477	Human_brd.fasta	Mouse_brd.fasta
17	72777	74288	73122	74629	345	341	Human_brd.fasta	Mouse_brd.fasta
18	74943	77683	78128	80380	3185	2697	Human_brd.fasta	Mouse_brd.fasta
19	81551	82022	82833	83198	1282	1176	Human_brd.fasta	Mouse_brd.fasta
20	82832	85556	84071	86642	1239	1086	Human_brd.fasta	Mouse_brd.fasta
21	84605	87051	85737	88134	1132	1083	Human_brd.fasta	Mouse_brd.fasta
22	86354	89041	89541	92120	3187	3079	Human_brd.fasta	Mouse_brd.fasta
23	94104	93199	96083	95395	1979	2196	Human_brd.fasta	Mouse_brd.fasta
24	98107	98989	99509	100468	1402	1479	Human_brd.fasta	Mouse_brd.fasta
25	103962	106516	106168	108868	2206	2352	Human_brd.fasta	Mouse_brd.fasta
26	107330	110013	107747	110465	417	452	Human_brd.fasta	Mouse_brd.fasta
27	111503	117034	112025	117644	522	610	Human_brd.fasta	Mouse_brd.fasta
28	112636	117709	113422	118569	786	860	Human_brd.fasta	Mouse_brd.fasta
29	120656	120975	122843	123099	2187	2124	Human_brd.fasta	Mouse_brd.fasta
30	126808	124795	139416	136116	12608	11321	Human_brd.fasta	Mouse_brd.fasta
31	142865	137441	145117	140030	2252	2589	Human_brd.fasta	Mouse_brd.fasta
32	158942	146004	159409	146436	467	432	Human_brd.fasta	Mouse_brd.fasta
33	163737	148251	164048	148536	311	285	Human_brd.fasta	Mouse_brd.fasta
34	169789	152721	169852	152784	63	63	Human_brd.fasta	Mouse_brd.fasta
35	200731	162806	202754	164834	2023	2028	Human_brd.fasta	Mouse_brd.fasta
36	208892	165183	210953	167261	2061	2078	Human_brd.fasta	Mouse_brd.fasta
37	211180	167936	211763	168631	583	695	Human_brd.fasta	Mouse_brd.fasta
38	211824	169820	219479	177104	7655	7284	Human_brd.fasta	Mouse_brd.fasta
39	223004	177194	223928	177985	924	791	Human_brd.fasta	Mouse_brd.fasta
40	253952	186286	254728	186961	776	675	Human_brd.fasta	Mouse_brd.fasta
41	254898	187998	258507	191915	3609	3917	Human_brd.fasta	Mouse_brd.fasta
42	275043	198893	278139	201823	3096	2930	Human_brd.fasta	Mouse_brd.fasta
43	278441	201816	283673	207481	5232	5665	Human_brd.fasta	Mouse_brd.fasta
44	292557	207538	294916	209573	2359	2035	Human_brd.fasta	Mouse_brd.fasta
45	296592	211046	304299	218286	7707	7240	Human_brd.fasta	Mouse_brd.fasta
46	305154	219592	306026	220478	872	886	Human_brd.fasta	Mouse_brd.fasta
47	310591	222906	314411	226487	3820	3581	Human_brd.fasta	Mouse_brd.fasta
48	315764	226691	317475	228515	1711	1824	Human_brd.fasta	Mouse_brd.fasta
49	318875	232323	320829	234181	1954	1858	Human_brd.fasta	Mouse_brd.fasta
50	330036	234913	330577	235413	541	500	Human_brd.fasta	Mouse_brd.fasta
51	330940	235447	333221	237841	2281	2394	Human_brd.fasta	Mouse_brd.fasta
52	337031	238075	342824	243589	5793	5514	Human_brd.fasta	Mouse_brd.fasta
53	348555	245426	349395	246170	840	744	Human_brd.fasta	Mouse_brd.fasta
54	369937	251100	375264	255812	5327	4712	Human_brd.fasta	Mouse_brd.fasta
55	387398	258937	393778	264827	6380	5890	Human_brd.fasta	Mouse_brd.fasta
56	394603	264828	396534	266602	1931	1774	Human_brd.fasta	Mouse_brd.fasta
57	398041	266854	399116	267791	1075	937	Human_brd.fasta	Mouse_brd.fasta
58	399988	272016	401115	273152	1127	1136	Human_brd.fasta	Mouse_brd.fasta
59	404548	276801	405241	277836	693	1035	Human_brd.fasta	Mouse_brd.fasta
60	406538	278114	408773	280282	2235	2168	Human_brd.fasta	Mouse_brd.fasta
61	408150	281951	408730	282550	580	599	Human_brd.fasta	Mouse_brd.fasta
62	413568	284392	414806	285547	1238	1155	Human_brd.fasta	Mouse_brd.fasta
63	418930	289848	421583	292525	2653	2677	Human_brd.fasta	Mouse_brd.fasta
64	427199	294999	427555	295347	356	348	Human_brd.fasta	Mouse_brd.fasta
65	428442	295571	428772	295883	330	312	Human_brd.fasta	Mouse_brd.fasta
66	431938	296279	432567	296929	629	650	Human_brd.fasta	Mouse_brd.fasta
67	432872	297976	441016	306594	8144	8618	Human_brd.fasta	Mouse_brd.fasta
68	442546	306651	444053	308228	1507	1577	Human_brd.fasta	Mouse_brd.fasta
69	444069	308578	445235	310008	1166	1430	Human_brd.fasta	Mouse_brd.fasta
70	455046	310119	455885	311040	839	921	Human_brd.fasta	Mouse_brd.fasta
71	455857	313771	456883	314794	1026	1023	Human_brd.fasta	Mouse_brd.fasta
72	456988	315813	457687	316466	699	653	Human_brd.fasta	Mouse_brd.fasta
73	457681	316925	458386	317577	705	652	Human_brd.fasta	Mouse_brd.fasta
74	458425	319063	462514	323199	4089	4136	Human_brd.fasta	Mouse_brd.fasta
75	462472	323824	464126	325313	1654	1489	Human_brd.fasta	Mouse_brd.fasta
76	464593	325396	466701	327303	2108	1907	Human_brd.fasta	Mouse_brd.fasta
77	477329	327207	477793	327672	464	465	Human_brd.fasta	Mouse_brd.fasta
78	479108	332305	485773	338815	6665	6510	Human_brd.fasta	Mouse_brd.fasta
79	16408	282524	17003	281932	595	592	Human_brd.fasta	Mouse_brd.fasta
80	27571	204139	27880	203854	309	285	Human_brd.fasta	Mouse_brd.fasta
81	50240	193509	51411	192343	1171	1166	Human_brd.fasta	Mouse_brd.fasta
82	110998	161929	111069	161858	71	71	Human_brd.fasta	Mouse_brd.fasta
83	119198	110478	119717	109964	519	514	Human_brd.fasta	Mouse_brd.fasta
84	148809	110182	148984	110004	175	178	Human_brd.fasta	Mouse_brd.fasta
85	187573	64546	192301	59787	4728	4759	Human_brd.fasta	Mouse_brd.fasta
86	333694	52112	334118	51663	424	449	Human_brd.fasta	Mouse_brd.fasta
87	505174	6313	505245	6242	71	71	Human_brd.fasta	Mouse_brd.fasta
0	4258	0	7712	3560	3454	3560	Mouse_brd.fasta	Elephant_brd.fasta
1	13310	5117	18541	10824	5231	5707	Mouse_brd.fasta	Elephant_brd.fasta
2	22067	15252	22478	15660	411	408	Mouse_brd.fasta	Elephant_brd.fasta
3	23902	17549	24746	18439	844	890	Mouse_brd.fasta	Elephant_brd.fasta
4	26284	23710	27249	24787	965	1077	Mouse_brd.fasta	Elephant_brd.fasta
5	32401	27840	36797	31991	4396	4151	Mouse_brd.fasta	Elephant_brd.fasta
6	38715	37443	40232	39365	1517	1922	Mouse_brd.fasta	Elephant_brd.fasta
7	42998	40026	46352	43641	3354	3615	Mouse_brd.fasta	Elephant_brd.fasta
8	49039	47956	49491	48452	452	496	Mouse_brd.fasta	Elephant_brd.fasta
9	52384	50069	54089	51942	1705	1873	Mouse_brd.fasta	Elephant_brd.fasta
10	65244	54455	65824	55082	580	627	Mouse_brd.fasta	Elephant_brd.fasta
11	68209	58777	68814	59342	605	565	Mouse_brd.fasta	Elephant_brd.fasta
12	68855	63699	71236	66467	2381	2768	Mouse_brd.fasta	Elephant_brd.fasta
13	73359	71001	74609	72049	1250	1048	Mouse_brd.fasta	Elephant_brd.fasta
14	79681	75970	80119	76411	438	441	Mouse_brd.fasta	Elephant_brd.fasta
15	81425	82980	83001	84664	1576	1684	Mouse_brd.fasta	Elephant_brd.fasta
16	85386	88250	86639	89643	1253	1393	Mouse_brd.fasta	Elephant_brd.fasta
17	86939	90297	88318	91725	1379	1428	Mouse_brd.fasta	Elephant_brd.fasta
18	89382	93757	92120	96876	2738	3119	Mouse_brd.fasta	Elephant_brd.fasta
19	94967	109522	96313	111062	1346	1540	Mouse_brd.fasta	Elephant_brd.fasta
20	100103	113519	100441	113843	338	324	Mouse_brd.fasta	Elephant_brd.fasta
21	101543	119180	101835	119477	292	297	Mouse_brd.fasta	Elephant_brd.fasta
22	107415	145420	108223	146318	808	898	Mouse_brd.fasta	Elephant_brd.fasta
23	117052	157669	117632	158168	580	499	Mouse_brd.fasta	Elephant_brd.fasta
24	118169	160584	118626	161096	457	512	Mouse_brd.fasta	Elephant_brd.fasta
25	125354	177781	126982	179563	1628	1782	Mouse_brd.fasta	Elephant_brd.fasta
26	127099	180174	133754	187604	6655	7430	Mouse_brd.fasta	Elephant_brd.fasta
27	169950	238817	173667	242838	3717	4021	Mouse_brd.fasta	Elephant_brd.fasta
28	190314	280295	191959	282172	1645	1877	Mouse_brd.fasta	Elephant_brd.fasta
29	192357	299004	193547	300176	1190	1172	Mouse_brd.fasta	Elephant_brd.fasta
30	200116	300857	206038	306868	5922	6011	Mouse_brd.fasta	Elephant_brd.fasta
31	206766	308113	207492	308857	726	744	Mouse_brd.fasta	Elephant_brd.fasta
32	208102	317267	209372	318734	1270	1467	Mouse_brd.fasta	Elephant_brd.fasta
33	212785	321553	215719	324743	2934	3190	Mouse_brd.fasta	Elephant_brd.fasta
34	217915	326414	218293	326797	378	383	Mouse_brd.fasta	Elephant_brd.fasta
35	222235	334160	232030	344304	9795	10144	Mouse_brd.fasta	Elephant_brd.fasta
36	232289	345261	235680	349233	3391	3972	Mouse_brd.fasta	Elephant_brd.fasta
37	235814	352577	237826	354526	2012	1949	Mouse_brd.fasta	Elephant_brd.fasta
38	238101	356828	241051	359788	2950	2960	Mouse_brd.fasta	Elephant_brd.fasta
39	241022	360894	244199	364545	3177	3651	Mouse_brd.fasta	Elephant_brd.fasta
40	245427	368271	246635	369746	1208	1475	Mouse_brd.fasta	Elephant_brd.fasta
41	250792	374714	255139	379498	4347	4784	Mouse_brd.fasta	Elephant_brd.fasta
42	260265	406094	263658	409722	3393	3628	Mouse_brd.fasta	Elephant_brd.fasta
43	272010	418457	273380	419760	1370	1303	Mouse_brd.fasta	Elephant_brd.fasta
44	278978	426543	279202	426782	224	239	Mouse_brd.fasta	Elephant_brd.fasta
45	280882	427789	281266	428203	384	414	Mouse_brd.fasta	Elephant_brd.fasta
46	284679	428987	285475	429789	796	802	Mouse_brd.fasta	Elephant_brd.fasta
47	290072	442560	290893	443436	821	876	Mouse_brd.fasta	Elephant_brd.fasta
48	295620	448655	296821	449952	1201	1297	Mouse_brd.fasta	Elephant_brd.fasta
49	297827	450168	299340	451982	1513	1814	Mouse_brd.fasta	Elephant_brd.fasta
50	299487	452845	305962	458816	6475	5971	Mouse_brd.fasta	Elephant_brd.fasta
51	310597	472135	311044	472593	447	458	Mouse_brd.fasta	Elephant_brd.fasta
52	316925	474691	317530	475284	605	593	Mouse_brd.fasta	Elephant_brd.fasta
53	8579	390766	9004	390333	425	433	Mouse_brd.fasta	Elephant_brd.fasta
54	60608	137980	64536	134114	3928	3866	Mouse_brd.fasta	Elephant_brd.fasta
55	75791	103418	75865	103344	74	74	Mouse_brd.fasta	Elephant_brd.fasta
56	282140	48939	282371	48711	231	228	Mouse_brd.fasta	Elephant_brd.fasta
57	328071	41893	328158	41806	87	87	Mouse_brd.fasta	Elephant_brd.fasta
0	0	766	184	940	184	174	Elephant_brd.fasta	Echidna_brd.fasta
1	1739	1847	2164	2241	425	394	Elephant_brd.fasta	Echidna_brd.fasta
2	2871	5033	3377	5568	506	535	Elephant_brd.fasta	Echidna_brd.fasta
3	8010	18362	8465	18865	455	503	Elephant_brd.fasta	Echidna_brd.fasta
4	15360	24899	15628	25175	268	276	Elephant_brd.fasta	Echidna_brd.fasta
5	31480	35498	31646	35673	166	175	Elephant_brd.fasta	Echidna_brd.fasta
6	37517	42022	37776	42283	259	261	Elephant_brd.fasta	Echidna_brd.fasta
7	41129	49608	42478	51258	1349	1650	Elephant_brd.fasta	Echidna_brd.fasta
8	48351	52250	48450	52349	99	99	Elephant_brd.fasta	Echidna_brd.fasta
9	50070	55126	50237	55293	167	167	Elephant_brd.fasta	Echidna_brd.fasta
10	51483	57207	51821	57558	338	351	Elephant_brd.fasta	Echidna_brd.fasta
11	58762	61332	58943	61503	181	171	Elephant_brd.fasta	Echidna_brd.fasta
12	65817	85363	66027	85573	210	210	Elephant_brd.fasta	Echidna_brd.fasta
13	71733	99371	71951	99583	218	212	Elephant_brd.fasta	Echidna_brd.fasta
14	76050	109379	76313	109649	263	270	Elephant_brd.fasta	Echidna_brd.fasta
15	84128	111450	84333	111655	205	205	Elephant_brd.fasta	Echidna_brd.fasta
16	89107	121320	89237	121446	130	126	Elephant_brd.fasta	Echidna_brd.fasta
17	90654	122785	90807	122938	153	153	Elephant_brd.fasta	Echidna_brd.fasta
18	240209	332150	240495	332408	286	258	Elephant_brd.fasta	Echidna_brd.fasta
19	300821	401090	301092	401342	271	252	Elephant_brd.fasta	Echidna_brd.fasta
20	303229	421496	303841	422119	612	623	Elephant_brd.fasta	Echidna_brd.fasta
21	306107	432930	306277	433098	170	168	Elephant_brd.fasta	Echidna_brd.fasta
22	322502	444026	323100	444630	598	604	Elephant_brd.fasta	Echidna_brd.fasta
23	337798	466288	338202	466691	404	403	Elephant_brd.fasta	Echidna_brd.fasta
24	340183	475378	340352	475559	169	181	Elephant_brd.fasta	Echidna_brd.fasta
25	345438	500306	345935	500881	497	575	Elephant_brd.fasta	Echidna_brd.fasta
26	346498	502036	346646	502183	148	147	Elephant_brd.fasta	Echidna_brd.fasta
27	352715	508031	352878	508195	163	164	Elephant_brd.fasta	Echidna_brd.fasta
28	354010	510523	354365	510879	355	356	Elephant_brd.fasta	Echidna_brd.fasta
29	357389	519657	357561	519829	172	172	Elephant_brd.fasta	Echidna_brd.fasta
30	361690	523399	361989	523690	299	291	Elephant_brd.fasta	Echidna_brd.fasta
31	368780	543124	369037	543377	257	253	Elephant_brd.fasta	Echidna_brd.fasta
32	375314	549219	377569	551668	2255	2449	Elephant_brd.fasta	Echidna_brd.fasta
33	454515	596500	457260	599288	2745	2788	Elephant_brd.fasta	Echidna_brd.fasta
0	1	39635	3047	42571	3046	2936	Echidna_brd.fasta	Platypus_brd.fasta
1	4043	42565	9732	47490	5689	4925	Echidna_brd.fasta	Platypus_brd.fasta
2	8113	46623	13420	51764	5307	5141	Echidna_brd.fasta	Platypus_brd.fasta
3	14015	51756	16176	53702	2161	1946	Echidna_brd.fasta	Platypus_brd.fasta
4	17289	53519	30683	66817	13394	13298	Echidna_brd.fasta	Platypus_brd.fasta
5	28630	64191	31436	66735	2806	2544	Echidna_brd.fasta	Platypus_brd.fasta
6	35433	66799	38127	69437	2694	2638	Echidna_brd.fasta	Platypus_brd.fasta
7	38423	71191	39170	72086	747	895	Echidna_brd.fasta	Platypus_brd.fasta
8	39753	71841	46371	78190	6618	6349	Echidna_brd.fasta	Platypus_brd.fasta
9	46992	78169	49072	79906	2080	1737	Echidna_brd.fasta	Platypus_brd.fasta
10	47477	78327	58977	89390	11500	11063	Echidna_brd.fasta	Platypus_brd.fasta
11	59758	88923	65851	95044	6093	6121	Echidna_brd.fasta	Platypus_brd.fasta
12	62389	91816	63533	93217	1144	1401	Echidna_brd.fasta	Platypus_brd.fasta
13	66007	94949	66057	94999	50	50	Echidna_brd.fasta	Platypus_brd.fasta
14	66342	95001	67251	95894	909	893	Echidna_brd.fasta	Platypus_brd.fasta
15	67259	96599	70734	99781	3475	3182	Echidna_brd.fasta	Platypus_brd.fasta
16	72450	101488	73112	102162	662	674	Echidna_brd.fasta	Platypus_brd.fasta
17	75123	102340	77954	105300	2831	2960	Echidna_brd.fasta	Platypus_brd.fasta
18	77946	106342	78006	106402	60	60	Echidna_brd.fasta	Platypus_brd.fasta
19	78010	106569	79330	107389	1320	820	Echidna_brd.fasta	Platypus_brd.fasta
20	79641	108726	81198	110811	1557	2085	Echidna_brd.fasta	Platypus_brd.fasta
21	80992	111039	87786	117015	6794	5976	Echidna_brd.fasta	Platypus_brd.fasta
22	84340	113576	84754	113938	414	362	Echidna_brd.fasta	Platypus_brd.fasta
23	88537	117011	90596	119008	2059	1997	Echidna_brd.fasta	Platypus_brd.fasta
24	89791	117735	90270	118174	479	439	Echidna_brd.fasta	Platypus_brd.fasta
25	90599	119712	93092	122584	2493	2872	Echidna_brd.fasta	Platypus_brd.fasta
26	91122	121712	93301	123468	2179	1756	Echidna_brd.fasta	Platypus_brd.fasta
27	91938	121083	92435	121579	497	496	Echidna_brd.fasta	Platypus_brd.fasta
28	94380	123468	94756	123830	376	362	Echidna_brd.fasta	Platypus_brd.fasta
29	94768	124323	95068	124646	300	323	Echidna_brd.fasta	Platypus_brd.fasta
30	95055	127042	109087	139749	14032	12707	Echidna_brd.fasta	Platypus_brd.fasta
31	96355	128316	97706	129606	1351	1290	Echidna_brd.fasta	Platypus_brd.fasta
32	104363	135065	106662	137163	2299	2098	Echidna_brd.fasta	Platypus_brd.fasta
33	107312	137810	107393	137891	81	81	Echidna_brd.fasta	Platypus_brd.fasta
34	109082	141257	120699	152958	11617	11701	Echidna_brd.fasta	Platypus_brd.fasta
35	112163	144749	113620	146370	1457	1621	Echidna_brd.fasta	Platypus_brd.fasta
36	115047	148054	115205	148206	158	152	Echidna_brd.fasta	Platypus_brd.fasta
37	116642	148802	118599	150970	1957	2168	Echidna_brd.fasta	Platypus_brd.fasta
38	121200	152961	123612	155481	2412	2520	Echidna_brd.fasta	Platypus_brd.fasta
39	121749	153812	122469	154552	720	740	Echidna_brd.fasta	Platypus_brd.fasta
40	124061	156323	129107	161048	5046	4725	Echidna_brd.fasta	Platypus_brd.fasta
41	130662	163161	139639	173095	8977	9934	Echidna_brd.fasta	Platypus_brd.fasta
42	137632	170329	138084	170772	452	443	Echidna_brd.fasta	Platypus_brd.fasta
43	139633	173804	142658	176515	3025	2711	Echidna_brd.fasta	Platypus_brd.fasta
44	142202	175768	143425	176515	1223	747	Echidna_brd.fasta	Platypus_brd.fasta
45	144627	176458	147366	179439	2739	2981	Echidna_brd.fasta	Platypus_brd.fasta
46	146841	178249	150651	181387	3810	3138	Echidna_brd.fasta	Platypus_brd.fasta
47	147504	178936	147873	179430	369	494	Echidna_brd.fasta	Platypus_brd.fasta
48	150661	182618	152597	184590	1936	1972	Echidna_brd.fasta	Platypus_brd.fasta
49	152728	183415	154040	184461	1312	1046	Echidna_brd.fasta	Platypus_brd.fasta
50	154015	186622	157455	190099	3440	3477	Echidna_brd.fasta	Platypus_brd.fasta
51	156577	187902	159383	190472	2806	2570	Echidna_brd.fasta	Platypus_brd.fasta
52	158278	189108	159002	189816	724	708	Echidna_brd.fasta	Platypus_brd.fasta
53	160877	190581	167666	196902	6789	6321	Echidna_brd.fasta	Platypus_brd.fasta
54	167972	196622	170445	199128	2473	2506	Echidna_brd.fasta	Platypus_brd.fasta
55	169716	197890	172516	200429	2800	2539	Echidna_brd.fasta	Platypus_brd.fasta
56	173154	199742	179546	206759	6392	7017	Echidna_brd.fasta	Platypus_brd.fasta
57	180222	208759	182971	211616	2749	2857	Echidna_brd.fasta	Platypus_brd.fasta
58	183348	211615	184352	212863	1004	1248	Echidna_brd.fasta	Platypus_brd.fasta
59	183661	212313	185609	214329	1948	2016	Echidna_brd.fasta	Platypus_brd.fasta
60	186046	214305	187886	215379	1840	1074	Echidna_brd.fasta	Platypus_brd.fasta
61	189074	215375	190117	216049	1043	674	Echidna_brd.fasta	Platypus_brd.fasta
62	190769	216051	193484	217821	2715	1770	Echidna_brd.fasta	Platypus_brd.fasta
63	195810	218368	198768	221063	2958	2695	Echidna_brd.fasta	Platypus_brd.fasta
64	199901	220995	202072	222915	2171	1920	Echidna_brd.fasta	Platypus_brd.fasta
65	202206	224167	204443	226342	2237	2175	Echidna_brd.fasta	Platypus_brd.fasta
66	205096	226337	211788	233748	6692	7411	Echidna_brd.fasta	Platypus_brd.fasta
67	207204	228453	207868	229206	664	753	Echidna_brd.fasta	Platypus_brd.fasta
68	208964	230028	211971	232616	3007	2588	Echidna_brd.fasta	Platypus_brd.fasta
69	212185	232323	215202	234839	3017	2516	Echidna_brd.fasta	Platypus_brd.fasta
70	215588	234842	216977	236326	1389	1484	Echidna_brd.fasta	Platypus_brd.fasta
71	217004	235504	218196	236556	1192	1052	Echidna_brd.fasta	Platypus_brd.fasta
72	218175	236116	219634	237534	1459	1418	Echidna_brd.fasta	Platypus_brd.fasta
73	227870	250845	231390	254297	3520	3452	Echidna_brd.fasta	Platypus_brd.fasta
74	227984	251073	230977	254194	2993	3121	Echidna_brd.fasta	Platypus_brd.fasta
75	230878	251073	236685	256375	5807	5302	Echidna_brd.fasta	Platypus_brd.fasta
76	236813	258692	239166	260710	2353	2018	Echidna_brd.fasta	Platypus_brd.fasta
77	236813	258852	237729	260021	916	1169	Echidna_brd.fasta	Platypus_brd.fasta
78	239409	260731	239503	260824	94	93	Echidna_brd.fasta	Platypus_brd.fasta
79	239767	260808	242531	263542	2764	2734	Echidna_brd.fasta	Platypus_brd.fasta
80	242773	263369	244073	264603	1300	1234	Echidna_brd.fasta	Platypus_brd.fasta
81	244930	264663	246469	266076	1539	1413	Echidna_brd.fasta	Platypus_brd.fasta
82	247219	266066	247494	266333	275	267	Echidna_brd.fasta	Platypus_brd.fasta
83	247504	266674	248633	267703	1129	1029	Echidna_brd.fasta	Platypus_brd.fasta
84	249899	271393	251483	272804	1584	1411	Echidna_brd.fasta	Platypus_brd.fasta
85	250151	268399	250325	268582	174	183	Echidna_brd.fasta	Platypus_brd.fasta
86	252822	272820	252962	272954	140	134	Echidna_brd.fasta	Platypus_brd.fasta
87	253254	301979	253652	302379	398	400	Echidna_brd.fasta	Platypus_brd.fasta
88	253254	272949	253652	273350	398	401	Echidna_brd.fasta	Platypus_brd.fasta
89	254421	303813	255583	305086	1162	1273	Echidna_brd.fasta	Platypus_brd.fasta
90	255366	304320	257183	306256	1817	1936	Echidna_brd.fasta	Platypus_brd.fasta
91	257600	306259	260765	309483	3165	3224	Echidna_brd.fasta	Platypus_brd.fasta
92	262808	309425	266043	312470	3235	3045	Echidna_brd.fasta	Platypus_brd.fasta
93	265687	313974	266506	314785	819	811	Echidna_brd.fasta	Platypus_brd.fasta
94	266169	313948	267416	315326	1247	1378	Echidna_brd.fasta	Platypus_brd.fasta
95	268369	315333	270960	317408	2591	2075	Echidna_brd.fasta	Platypus_brd.fasta
96	268870	316148	271577	319065	2707	2917	Echidna_brd.fasta	Platypus_brd.fasta
97	274437	318555	278054	322047	3617	3492	Echidna_brd.fasta	Platypus_brd.fasta
98	275622	319938	277493	322272	1871	2334	Echidna_brd.fasta	Platypus_brd.fasta
99	278047	322483	280933	325019	2886	2536	Echidna_brd.fasta	Platypus_brd.fasta
100	278967	322975	280212	324277	1245	1302	Echidna_brd.fasta	Platypus_brd.fasta
101	280930	325658	281767	326697	837	1039	Echidna_brd.fasta	Platypus_brd.fasta
102	281604	328708	283149	330176	1545	1468	Echidna_brd.fasta	Platypus_brd.fasta
103	282065	328667	284555	331241	2490	2574	Echidna_brd.fasta	Platypus_brd.fasta
104	284922	331236	287521	332825	2599	1589	Echidna_brd.fasta	Platypus_brd.fasta
105	286309	331721	287489	332728	1180	1007	Echidna_brd.fasta	Platypus_brd.fasta
106	287018	334196	287118	334296	100	100	Echidna_brd.fasta	Platypus_brd.fasta
107	288328	334329	289092	335148	764	819	Echidna_brd.fasta	Platypus_brd.fasta
108	290118	335158	290548	335585	430	427	Echidna_brd.fasta	Platypus_brd.fasta
109	292689	335862	294060	337465	1371	1603	Echidna_brd.fasta	Platypus_brd.fasta
110	294290	336099	295742	337377	1452	1278	Echidna_brd.fasta	Platypus_brd.fasta
111	298638	337732	299511	338561	873	829	Echidna_brd.fasta	Platypus_brd.fasta
112	311730	339916	315705	344098	3975	4182	Echidna_brd.fasta	Platypus_brd.fasta
113	314343	342119	317796	345576	3453	3457	Echidna_brd.fasta	Platypus_brd.fasta
114	315427	342139	318092	345706	2665	3567	Echidna_brd.fasta	Platypus_brd.fasta
115	318637	345702	320017	346910	1380	1208	Echidna_brd.fasta	Platypus_brd.fasta
116	319818	345318	321164	346912	1346	1594	Echidna_brd.fasta	Platypus_brd.fasta
117	329623	350612	339483	359601	9860	8989	Echidna_brd.fasta	Platypus_brd.fasta
118	341311	359477	342411	360614	1100	1137	Echidna_brd.fasta	Platypus_brd.fasta
119	342376	360967	342860	361459	484	492	Echidna_brd.fasta	Platypus_brd.fasta
120	344305	361444	352311	368644	8006	7200	Echidna_brd.fasta	Platypus_brd.fasta
121	344827	362918	347145	365240	2318	2322	Echidna_brd.fasta	Platypus_brd.fasta
122	346101	363460	347270	364630	1169	1170	Echidna_brd.fasta	Platypus_brd.fasta
123	355253	371251	363111	380396	7858	9145	Echidna_brd.fasta	Platypus_brd.fasta
124	356950	373204	365320	380854	8370	7650	Echidna_brd.fasta	Platypus_brd.fasta
125	365319	379804	370069	384074	4750	4270	Echidna_brd.fasta	Platypus_brd.fasta
126	366112	380487	366695	381149	583	662	Echidna_brd.fasta	Platypus_brd.fasta
127	367386	382573	368062	382956	676	383	Echidna_brd.fasta	Platypus_brd.fasta
128	372173	384143	373489	385066	1316	923	Echidna_brd.fasta	Platypus_brd.fasta
129	374113	385136	375808	386093	1695	957	Echidna_brd.fasta	Platypus_brd.fasta
130	376099	386104	376158	386163	59	59	Echidna_brd.fasta	Platypus_brd.fasta
131	376550	386223	377902	387818	1352	1595	Echidna_brd.fasta	Platypus_brd.fasta
132	378493	387839	378817	388170	324	331	Echidna_brd.fasta	Platypus_brd.fasta
133	379434	388160	381218	389893	1784	1733	Echidna_brd.fasta	Platypus_brd.fasta
134	381139	389487	383276	390709	2137	1222	Echidna_brd.fasta	Platypus_brd.fasta
135	382715	389565	384394	391413	1679	1848	Echidna_brd.fasta	Platypus_brd.fasta
136	385756	391911	385978	392141	222	230	Echidna_brd.fasta	Platypus_brd.fasta
137	386422	391846	388259	393665	1837	1819	Echidna_brd.fasta	Platypus_brd.fasta
138	387767	392938	388920	393834	1153	896	Echidna_brd.fasta	Platypus_brd.fasta
139	389777	393821	391381	395210	1604	1389	Echidna_brd.fasta	Platypus_brd.fasta
140	391883	395202	392555	395607	672	405	Echidna_brd.fasta	Platypus_brd.fasta
141	393008	395517	393760	396273	752	756	Echidna_brd.fasta	Platypus_brd.fasta
142	395640	396156	397035	397370	1395	1214	Echidna_brd.fasta	Platypus_brd.fasta
143	397004	397898	397650	398719	646	821	Echidna_brd.fasta	Platypus_brd.fasta
144	397773	397897	399415	399403	1642	1506	Echidna_brd.fasta	Platypus_brd.fasta
145	400007	399456	400633	400045	626	589	Echidna_brd.fasta	Platypus_brd.fasta
146	401025	400040	401559	400578	534	538	Echidna_brd.fasta	Platypus_brd.fasta
147	404495	400490	404583	400578	88	88	Echidna_brd.fasta	Platypus_brd.fasta
148	405317	400611	406456	401486	1139	875	Echidna_brd.fasta	Platypus_brd.fasta
149	406829	401376	407370	401890	541	514	Echidna_brd.fasta	Platypus_brd.fasta
150	407383	401294	411189	404327	3806	3033	Echidna_brd.fasta	Platypus_brd.fasta
151	411832	404532	412496	405262	664	730	Echidna_brd.fasta	Platypus_brd.fasta
152	418332	405721	418983	406222	651	501	Echidna_brd.fasta	Platypus_brd.fasta
153	418987	405566	420506	407208	1519	1642	Echidna_brd.fasta	Platypus_brd.fasta
154	419962	406227	423230	409654	3268	3427	Echidna_brd.fasta	Platypus_brd.fasta
155	423973	409604	424733	410333	760	729	Echidna_brd.fasta	Platypus_brd.fasta
156	425487	410341	425925	410753	438	412	Echidna_brd.fasta	Platypus_brd.fasta
157	428456	411876	430107	413376	1651	1500	Echidna_brd.fasta	Platypus_brd.fasta
158	432726	415120	433381	415616	655	496	Echidna_brd.fasta	Platypus_brd.fasta
159	435568	417180	435826	417433	258	253	Echidna_brd.fasta	Platypus_brd.fasta
160	435826	415702	437041	417586	1215	1884	Echidna_brd.fasta	Platypus_brd.fasta
161	437529	426000	442424	429947	4895	3947	Echidna_brd.fasta	Platypus_brd.fasta
162	440953	427628	441325	427986	372	358	Echidna_brd.fasta	Platypus_brd.fasta
163	442740	429326	445235	431662	2495	2336	Echidna_brd.fasta	Platypus_brd.fasta
164	445313	431308	445786	431660	473	352	Echidna_brd.fasta	Platypus_brd.fasta
165	445866	431308	447672	432639	1806	1331	Echidna_brd.fasta	Platypus_brd.fasta
166	447894	432497	448120	432720	226	223	Echidna_brd.fasta	Platypus_brd.fasta
167	448988	432853	449979	433779	991	926	Echidna_brd.fasta	Platypus_brd.fasta
168	450184	433770	450266	433852	82	82	Echidna_brd.fasta	Platypus_brd.fasta
169	451771	444008	452856	444916	1085	908	Echidna_brd.fasta	Platypus_brd.fasta
170	453555	444909	454125	445258	570	349	Echidna_brd.fasta	Platypus_brd.fasta
171	454487	444454	456018	446045	1531	1591	Echidna_brd.fasta	Platypus_brd.fasta
172	457409	446077	457767	446411	358	334	Echidna_brd.fasta	Platypus_brd.fasta
173	458264	446359	458863	446746	599	387	Echidna_brd.fasta	Platypus_brd.fasta
174	459164	446589	460054	447486	890	897	Echidna_brd.fasta	Platypus_brd.fasta
175	460487	447533	460935	448032	448	499	Echidna_brd.fasta	Platypus_brd.fasta
176	461207	447860	463139	449535	1932	1675	Echidna_brd.fasta	Platypus_brd.fasta
177	464387	450472	467924	454141	3537	3669	Echidna_brd.fasta	Platypus_brd.fasta
178	468398	454127	469057	454778	659	651	Echidna_brd.fasta	Platypus_brd.fasta
179	469553	454797	471206	456443	1653	1646	Echidna_brd.fasta	Platypus_brd.fasta
180	471525	456426	473258	457694	1733	1268	Echidna_brd.fasta	Platypus_brd.fasta
181	473907	457679	476055	459898	2148	2219	Echidna_brd.fasta	Platypus_brd.fasta
182	476786	459737	480516	462486	3730	2749	Echidna_brd.fasta	Platypus_brd.fasta
183	477919	460555	478213	460811	294	256	Echidna_brd.fasta	Platypus_brd.fasta
184	484279	462945	485014	463583	735	638	Echidna_brd.fasta	Platypus_brd.fasta
185	485516	463345	487099	464489	1583	1144	Echidna_brd.fasta	Platypus_brd.fasta
186	488125	465386	489489	466874	1364	1488	Echidna_brd.fasta	Platypus_brd.fasta
187	488633	465682	489859	466732	1226	1050	Echidna_brd.fasta	Platypus_brd.fasta
188	492096	466608	495997	470162	3901	3554	Echidna_brd.fasta	Platypus_brd.fasta
189	495371	468410	497509	470620	2138	2210	Echidna_brd.fasta	Platypus_brd.fasta
190	496717	469274	497378	469947	661	673	Echidna_brd.fasta	Platypus_brd.fasta
191	499026	469821	503547	474356	4521	4535	Echidna_brd.fasta	Platypus_brd.fasta
192	503774	475697	505144	477070	1370	1373	Echidna_brd.fasta	Platypus_brd.fasta
193	504882	480915	504934	480967	52	52	Echidna_brd.fasta	Platypus_brd.fasta
194	505568	480960	507174	482506	1606	1546	Echidna_brd.fasta	Platypus_brd.fasta
195	507110	482000	509148	484133	2038	2133	Echidna_brd.fasta	Platypus_brd.fasta
196	508722	483260	509638	484284	916	1024	Echidna_brd.fasta	Platypus_brd.fasta
197	508871	482652	512623	485960	3752	3308	Echidna_brd.fasta	Platypus_brd.fasta
198	512671	485604	512849	485783	178	179	Echidna_brd.fasta	Platypus_brd.fasta
199	513357	485748	513834	486135	477	387	Echidna_brd.fasta	Platypus_brd.fasta
200	514185	486128	514355	486301	170	173	Echidna_brd.fasta	Platypus_brd.fasta
201	514670	486265	515747	487263	1077	998	Echidna_brd.fasta	Platypus_brd.fasta
202	516632	486951	516982	487429	350	478	Echidna_brd.fasta	Platypus_brd.fasta
203	517319	487110	517746	487576	427	466	Echidna_brd.fasta	Platypus_brd.fasta
204	518359	487620	522489	491709	4130	4089	Echidna_brd.fasta	Platypus_brd.fasta
205	522840	491700	525052	494047	2212	2347	Echidna_brd.fasta	Platypus_brd.fasta
206	525026	493460	528877	496818	3851	3358	Echidna_brd.fasta	Platypus_brd.fasta
207	530177	497500	530998	498348	821	848	Echidna_brd.fasta	Platypus_brd.fasta
208	530740	497578	533948	500851	3208	3273	Echidna_brd.fasta	Platypus_brd.fasta
209	531192	498345	531246	498399	54	54	Echidna_brd.fasta	Platypus_brd.fasta
210	534085	500644	535034	501499	949	855	Echidna_brd.fasta	Platypus_brd.fasta
211	535764	501414	536113	502004	349	590	Echidna_brd.fasta	Platypus_brd.fasta
212	536397	501988	536518	502113	121	125	Echidna_brd.fasta	Platypus_brd.fasta
213	537691	502083	538610	503055	919	972	Echidna_brd.fasta	Platypus_brd.fasta
214	539601	502813	541077	503972	1476	1159	Echidna_brd.fasta	Platypus_brd.fasta
215	539695	502733	539958	502975	263	242	Echidna_brd.fasta	Platypus_brd.fasta
216	541910	504667	547992	509867	6082	5200	Echidna_brd.fasta	Platypus_brd.fasta
217	546462	508060	546632	508232	170	172	Echidna_brd.fasta	Platypus_brd.fasta
218	548670	509857	554114	515323	5444	5466	Echidna_brd.fasta	Platypus_brd.fasta
219	554632	515321	558811	518570	4179	3249	Echidna_brd.fasta	Platypus_brd.fasta
220	558821	518144	559544	518839	723	695	Echidna_brd.fasta	Platypus_brd.fasta
221	562189	519416	562640	519761	451	345	Echidna_brd.fasta	Platypus_brd.fasta
222	564725	519801	565231	520263	506	462	Echidna_brd.fasta	Platypus_brd.fasta
223	566437	524197	567363	525234	926	1037	Echidna_brd.fasta	Platypus_brd.fasta
224	567971	530629	568362	530968	391	339	Echidna_brd.fasta	Platypus_brd.fasta
225	569225	539026	573068	542545	3843	3519	Echidna_brd.fasta	Platypus_brd.fasta
226	571694	540275	573481	542091	1787	1816	Echidna_brd.fasta	Platypus_brd.fasta
227	574368	545122	575286	545793	918	671	Echidna_brd.fasta	Platypus_brd.fasta
228	575156	545124	576008	545793	852	669	Echidna_brd.fasta	Platypus_brd.fasta
229	575878	545124	578642	547447	2764	2323	Echidna_brd.fasta	Platypus_brd.fasta
230	580059	546587	580679	547099	620	512	Echidna_brd.fasta	Platypus_brd.fasta
231	580715	546894	581263	547174	548	280	Echidna_brd.fasta	Platypus_brd.fasta
232	581624	547159	582743	548203	1119	1044	Echidna_brd.fasta	Platypus_brd.fasta
233	584121	548204	585767	549608	1646	1404	Echidna_brd.fasta	Platypus_brd.fasta
234	587033	549720	587366	550053	333	333	Echidna_brd.fasta	Platypus_brd.fasta
235	587877	550074	588082	550283	205	209	Echidna_brd.fasta	Platypus_brd.fasta
236	588890	554014	589515	554664	625	650	Echidna_brd.fasta	Platypus_brd.fasta
237	590564	559713	592883	561953	2319	2240	Echidna_brd.fasta	Platypus_brd.fasta
238	590598	559706	593924	562591	3326	2885	Echidna_brd.fasta	Platypus_brd.fasta
239	593490	561869	593670	562045	180	176	Echidna_brd.fasta	Platypus_brd.fasta
240	594392	561716	599415	566330	5023	4614	Echidna_brd.fasta	Platypus_brd.fasta
241	594892	562585	594946	562640	54	55	Echidna_brd.fasta	Platypus_brd.fasta
242	595129	562583	595513	562895	384	312	Echidna_brd.fasta	Platypus_brd.fasta
243	600019	566331	600482	566840	463	509	Echidna_brd.fasta	Platypus_brd.fasta
244	600768	566613	604623	570468	3855	3855	Echidna_brd.fasta	Platypus_brd.fasta
245	605225	570467	605523	570755	298	288	Echidna_brd.fasta	Platypus_brd.fasta
246	605877	570746	606001	570888	124	142	Echidna_brd.fasta	Platypus_brd.fasta
247	606240	570822	606788	571379	548	557	Echidna_brd.fasta	Platypus_brd.fasta
248	606827	570822	607132	571150	305	328	Echidna_brd.fasta	Platypus_brd.fasta
249	608325	571069	610133	572716	1808	1647	Echidna_brd.fasta	Platypus_brd.fasta
250	609592	571907	609650	571965	58	58	Echidna_brd.fasta	Platypus_brd.fasta
251	610480	572538	612030	573827	1550	1289	Echidna_brd.fasta	Platypus_brd.fasta
252	612358	573639	616008	577313	3650	3674	Echidna_brd.fasta	Platypus_brd.fasta
253	616580	576839	622680	581862	6100	5023	Echidna_brd.fasta	Platypus_brd.fasta
254	621885	581079	622008	581203	123	124	Echidna_brd.fasta	Platypus_brd.fasta
255	622896	581416	623791	582579	895	1163	Echidna_brd.fasta	Platypus_brd.fasta
256	623792	582381	628684	586625	4892	4244	Echidna_brd.fasta	Platypus_brd.fasta
257	629289	586631	632547	589840	3258	3209	Echidna_brd.fasta	Platypus_brd.fasta
258	634115	588087	639111	592604	4996	4517	Echidna_brd.fasta	Platypus_brd.fasta
259	634577	588632	636109	590218	1532	1586	Echidna_brd.fasta	Platypus_brd.fasta
260	639448	592542	643863	596454	4415	3912	Echidna_brd.fasta	Platypus_brd.fasta
261	644309	596453	645815	597642	1506	1189	Echidna_brd.fasta	Platypus_brd.fasta
262	645460	598488	647685	601065	2225	2577	Echidna_brd.fasta	Platypus_brd.fasta
263	161132	556358	161263	556227	131	131	Echidna_brd.fasta	Platypus_brd.fasta
264	175537	551318	175604	551251	67	67	Echidna_brd.fasta	Platypus_brd.fasta
265	354669	431640	355253	431045	584	595	Echidna_brd.fasta	Platypus_brd.fasta
266	447340	430202	447405	430128	65	74	Echidna_brd.fasta	Platypus_brd.fasta
267	577863	396455	578428	395941	565	514	Echidna_brd.fasta	Platypus_brd.fasta
268	578765	395992	579241	395517	476	475	Echidna_brd.fasta	Platypus_brd.fasta
269	579527	395607	580915	394267	1388	1340	Echidna_brd.fasta	Platypus_brd.fasta
0	40408	0	40564	152	156	152	Platypus_brd.fasta	Agilis_brd.fasta
1	43164	2835	43711	3347	547	512	Platypus_brd.fasta	Agilis_brd.fasta
2	54602	6568	54839	6802	237	234	Platypus_brd.fasta	Agilis_brd.fasta
3	60422	19102	61388	19993	966	891	Platypus_brd.fasta	Agilis_brd.fasta
4	64027	19869	64148	19993	121	124	Platypus_brd.fasta	Agilis_brd.fasta
5	64986	33313	65152	33469	166	156	Platypus_brd.fasta	Agilis_brd.fasta
6	66893	36650	67070	36836	177	186	Platypus_brd.fasta	Agilis_brd.fasta
7	69911	42336	69982	42407	71	71	Platypus_brd.fasta	Agilis_brd.fasta
8	74334	42990	74712	43356	378	366	Platypus_brd.fasta	Agilis_brd.fasta
9	79976	47183	81349	48815	1373	1632	Platypus_brd.fasta	Agilis_brd.fasta
10	82511	53953	82713	54154	202	201	Platypus_brd.fasta	Agilis_brd.fasta
11	83838	55090	83942	55196	104	106	Platypus_brd.fasta	Agilis_brd.fasta
12	85552	57452	85726	57626	174	174	Platypus_brd.fasta	Agilis_brd.fasta
13	88117	66951	88450	67284	333	333	Platypus_brd.fasta	Agilis_brd.fasta
14	90023	67844	90128	67937	105	93	Platypus_brd.fasta	Agilis_brd.fasta
15	90338	73263	90518	73459	180	196	Platypus_brd.fasta	Agilis_brd.fasta
16	114845	87408	115055	87619	210	211	Platypus_brd.fasta	Agilis_brd.fasta
17	121816	90281	121964	90429	148	148	Platypus_brd.fasta	Agilis_brd.fasta
18	131231	91128	131443	91337	212	209	Platypus_brd.fasta	Agilis_brd.fasta
19	141550	95692	141995	96118	445	426	Platypus_brd.fasta	Agilis_brd.fasta
20	143471	99468	143783	99777	312	309	Platypus_brd.fasta	Agilis_brd.fasta
21	149017	103753	149148	103885	131	132	Platypus_brd.fasta	Agilis_brd.fasta
22	153032	107597	153219	107797	187	200	Platypus_brd.fasta	Agilis_brd.fasta
23	154642	109697	154851	109901	209	204	Platypus_brd.fasta	Agilis_brd.fasta
24	157674	113913	158260	114529	586	616	Platypus_brd.fasta	Agilis_brd.fasta
25	170755	115676	170832	115753	77	77	Platypus_brd.fasta	Agilis_brd.fasta
26	174764	117408	174852	117496	88	88	Platypus_brd.fasta	Agilis_brd.fasta
27	189818	141124	189946	141253	128	129	Platypus_brd.fasta	Agilis_brd.fasta
28	203404	166434	203506	166537	102	103	Platypus_brd.fasta	Agilis_brd.fasta
29	209406	169456	209520	169572	114	116	Platypus_brd.fasta	Agilis_brd.fasta
30	219071	171570	219508	172015	437	445	Platypus_brd.fasta	Agilis_brd.fasta
31	224850	185793	225013	185949	163	156	Platypus_brd.fasta	Agilis_brd.fasta
32	260776	212686	261235	213152	459	466	Platypus_brd.fasta	Agilis_brd.fasta
33	262053	216561	262203	216713	150	152	Platypus_brd.fasta	Agilis_brd.fasta
34	263026	219506	263121	219601	95	95	Platypus_brd.fasta	Agilis_brd.fasta
35	265849	219962	266330	220509	481	547	Platypus_brd.fasta	Agilis_brd.fasta
36	281372	227737	281490	227855	118	118	Platypus_brd.fasta	Agilis_brd.fasta
37	291123	235634	291265	235753	142	119	Platypus_brd.fasta	Agilis_brd.fasta
38	300855	246359	300995	246499	140	140	Platypus_brd.fasta	Agilis_brd.fasta
39	303132	253805	303240	253915	108	110	Platypus_brd.fasta	Agilis_brd.fasta
40	310405	268071	310541	268202	136	131	Platypus_brd.fasta	Agilis_brd.fasta
41	316005	272105	316141	272237	136	132	Platypus_brd.fasta	Agilis_brd.fasta
42	317160	273063	317325	273217	165	154	Platypus_brd.fasta	Agilis_brd.fasta
43	329962	285568	330123	285736	161	168	Platypus_brd.fasta	Agilis_brd.fasta
44	337265	285790	337376	285902	111	112	Platypus_brd.fasta	Agilis_brd.fasta
45	355409	293774	355696	294060	287	286	Platypus_brd.fasta	Agilis_brd.fasta
46	392109	303620	392556	304092	447	472	Platypus_brd.fasta	Agilis_brd.fasta
47	393197	306341	393342	306495	145	154	Platypus_brd.fasta	Agilis_brd.fasta
48	400102	306562	400435	306902	333	340	Platypus_brd.fasta	Agilis_brd.fasta
49	408322	307930	408759	308363	437	433	Platypus_brd.fasta	Agilis_brd.fasta
50	443021	311280	443190	311449	169	169	Platypus_brd.fasta	Agilis_brd.fasta
51	452232	312773	452973	313532	741	759	Platypus_brd.fasta	Agilis_brd.fasta
52	459139	316626	459336	316821	197	195	Platypus_brd.fasta	Agilis_brd.fasta
53	470767	328742	472453	330044	1686	1302	Platypus_brd.fasta	Agilis_brd.fasta
54	483069	330601	483252	330783	183	182	Platypus_brd.fasta	Agilis_brd.fasta
55	484370	330859	484491	330980	121	121	Platypus_brd.fasta	Agilis_brd.fasta
56	488804	335752	489103	336070	299	318	Platypus_brd.fasta	Agilis_brd.fasta
57	505506	336335	505838	336693	332	358	Platypus_brd.fasta	Agilis_brd.fasta
58	510416	337537	512904	340152	2488	2615	Platypus_brd.fasta	Agilis_brd.fasta
59	520815	353518	520930	353633	115	115	Platypus_brd.fasta	Agilis_brd.fasta
60	522414	357151	522543	357279	129	128	Platypus_brd.fasta	Agilis_brd.fasta
61	536309	363644	536432	363767	123	123	Platypus_brd.fasta	Agilis_brd.fasta
62	538404	367241	538564	367395	160	154	Platypus_brd.fasta	Agilis_brd.fasta
63	539408	380131	539502	380221	94	90	Platypus_brd.fasta	Agilis_brd.fasta
64	540001	382434	540161	382597	160	163	Platypus_brd.fasta	Agilis_brd.fasta
65	540217	387909	540281	387972	64	63	Platypus_brd.fasta	Agilis_brd.fasta
66	560953	388860	561039	388946	86	86	Platypus_brd.fasta	Agilis_brd.fasta
67	562951	406660	565526	409309	2575	2649	Platypus_brd.fasta	Agilis_brd.fasta
68	565948	410257	566227	410526	279	269	Platypus_brd.fasta	Agilis_brd.fasta
69	572085	411512	572258	411663	173	151	Platypus_brd.fasta	Agilis_brd.fasta
70	572890	432464	573062	432655	172	191	Platypus_brd.fasta	Agilis_brd.fasta
71	579789	436801	579855	436867	66	66	Platypus_brd.fasta	Agilis_brd.fasta
72	582056	439764	582228	439937	172	173	Platypus_brd.fasta	Agilis_brd.fasta
73	583078	443195	583655	443826	577	631	Platypus_brd.fasta	Agilis_brd.fasta
74	593160	450920	594139	451961	979	1041	Platypus_brd.fasta	Agilis_brd.fasta
75	599782	458454	600046	458731	264	277	Platypus_brd.fasta	Agilis_brd.fasta
76	22726	452292	22818	452200	92	92	Platypus_brd.fasta	Agilis_brd.fasta
77	32690	441594	32897	441391	207	203	Platypus_brd.fasta	Agilis_brd.fasta
78	44208	439543	44313	439437	105	106	Platypus_brd.fasta	Agilis_brd.fasta
79	46726	436873	46798	436801	72	72	Platypus_brd.fasta	Agilis_brd.fasta
80	63528	433074	63656	432946	128	128	Platypus_brd.fasta	Agilis_brd.fasta
81	64031	432583	64146	432464	115	119	Platypus_brd.fasta	Agilis_brd.fasta
82	65021	411631	65149	411512	128	119	Platypus_brd.fasta	Agilis_brd.fasta
83	78800	398839	78850	398789	50	50	Platypus_brd.fasta	Agilis_brd.fasta
84	86735	397212	86792	397158	57	54	Platypus_brd.fasta	Agilis_brd.fasta
85	87197	388925	87258	388864	61	61	Platypus_brd.fasta	Agilis_brd.fasta
86	101202	387970	101333	387836	131	134	Platypus_brd.fasta	Agilis_brd.fasta
87	118172	382598	118319	382451	147	147	Platypus_brd.fasta	Agilis_brd.fasta
88	122332	380222	122426	380132	94	90	Platypus_brd.fasta	Agilis_brd.fasta
89	122658	367395	122815	367241	157	154	Platypus_brd.fasta	Agilis_brd.fasta
90	123563	363758	123670	363651	107	107	Platypus_brd.fasta	Agilis_brd.fasta
91	124075	357274	124190	357159	115	115	Platypus_brd.fasta	Agilis_brd.fasta
92	128040	355995	128157	355877	117	118	Platypus_brd.fasta	Agilis_brd.fasta
93	138194	353633	138303	353523	109	110	Platypus_brd.fasta	Agilis_brd.fasta
94	165781	351702	165878	351604	97	98	Platypus_brd.fasta	Agilis_brd.fasta
95	166535	346083	166671	345952	136	131	Platypus_brd.fasta	Agilis_brd.fasta
96	170685	345237	170862	345078	177	159	Platypus_brd.fasta	Agilis_brd.fasta
97	183144	335594	183303	335432	159	162	Platypus_brd.fasta	Agilis_brd.fasta
98	187202	323092	187332	322978	130	114	Platypus_brd.fasta	Agilis_brd.fasta
99	201944	314399	202075	314267	131	132	Platypus_brd.fasta	Agilis_brd.fasta
100	203365	311442	203512	311293	147	149	Platypus_brd.fasta	Agilis_brd.fasta
101	212675	306494	212792	306377	117	117	Platypus_brd.fasta	Agilis_brd.fasta
102	223779	285902	223907	285773	128	129	Platypus_brd.fasta	Agilis_brd.fasta
103	228877	285694	228981	285585	104	109	Platypus_brd.fasta	Agilis_brd.fasta
104	237131	273184	237254	273063	123	121	Platypus_brd.fasta	Agilis_brd.fasta
105	254499	272226	254627	272094	128	132	Platypus_brd.fasta	Agilis_brd.fasta
106	263297	268202	263400	268099	103	103	Platypus_brd.fasta	Agilis_brd.fasta
107	268346	257030	268574	256805	228	225	Platypus_brd.fasta	Agilis_brd.fasta
108	286032	253915	286149	253800	117	115	Platypus_brd.fasta	Agilis_brd.fasta
109	291116	246506	291263	246359	147	147	Platypus_brd.fasta	Agilis_brd.fasta
110	303072	235502	303285	235274	213	228	Platypus_brd.fasta	Agilis_brd.fasta
111	309587	227855	309743	227712	156	143	Platypus_brd.fasta	Agilis_brd.fasta
112	310409	219627	310543	219506	134	121	Platypus_brd.fasta	Agilis_brd.fasta
113	317153	216713	317312	216552	159	161	Platypus_brd.fasta	Agilis_brd.fasta
114	323078	185949	323217	185818	139	131	Platypus_brd.fasta	Agilis_brd.fasta
115	337265	169575	337369	169469	104	106	Platypus_brd.fasta	Agilis_brd.fasta
116	338452	166550	338567	166434	115	116	Platypus_brd.fasta	Agilis_brd.fasta
117	342755	141236	342868	141122	113	114	Platypus_brd.fasta	Agilis_brd.fasta
118	350999	117496	351087	117408	88	88	Platypus_brd.fasta	Agilis_brd.fasta
119	371877	115761	371991	115647	114	114	Platypus_brd.fasta	Agilis_brd.fasta
120	382684	103885	382803	103766	119	119	Platypus_brd.fasta	Agilis_brd.fasta
121	393192	100354	393325	100222	133	132	Platypus_brd.fasta	Agilis_brd.fasta
122	416782	90429	416924	90286	142	143	Platypus_brd.fasta	Agilis_brd.fasta
123	429715	67926	429797	67844	82	82	Platypus_brd.fasta	Agilis_brd.fasta
124	463499	55219	463601	55117	102	102	Platypus_brd.fasta	Agilis_brd.fasta
125	482697	42407	482786	42328	89	79	Platypus_brd.fasta	Agilis_brd.fasta
126	485874	33469	485920	33423	46	46	Platypus_brd.fasta	Agilis_brd.fasta
127	499707	19993	499834	19864	127	129	Platypus_brd.fasta	Agilis_brd.fasta
128	518413	16589	518519	16483	106	106	Platypus_brd.fasta	Agilis_brd.fasta
129	523618	9145	523765	8998	147	147	Platypus_brd.fasta	Agilis_brd.fasta
130	533147	2311	533296	2150	149	161	Platypus_brd.fasta	Agilis_brd.fasta
0	0	45275	20501	65581	20501	20306	Agilis_brd.fasta	Opossum_brd.fasta
1	20944	65581	26217	70680	5273	5099	Agilis_brd.fasta	Opossum_brd.fasta
2	26545	70655	27606	71747	1061	1092	Agilis_brd.fasta	Opossum_brd.fasta
3	29553	70655	30614	71747	1061	1092	Agilis_brd.fasta	Opossum_brd.fasta
4	31721	71782	35760	75815	4039	4033	Agilis_brd.fasta	Opossum_brd.fasta
5	36174	75805	40249	79629	4075	3824	Agilis_brd.fasta	Opossum_brd.fasta
6	40219	77949	51413	88958	11194	11009	Agilis_brd.fasta	Opossum_brd.fasta
7	52457	90554	59431	97340	6974	6786	Agilis_brd.fasta	Opossum_brd.fasta
8	59428	97887	66633	105562	7205	7675	Agilis_brd.fasta	Opossum_brd.fasta
9	66649	106530	70848	110669	4199	4139	Agilis_brd.fasta	Opossum_brd.fasta
10	71837	110646	119447	158344	47610	47698	Agilis_brd.fasta	Opossum_brd.fasta
11	120030	158440	129321	167650	9291	9210	Agilis_brd.fasta	Opossum_brd.fasta
12	130416	168069	154310	192573	23894	24504	Agilis_brd.fasta	Opossum_brd.fasta
13	154308	194342	166566	206158	12258	11816	Agilis_brd.fasta	Opossum_brd.fasta
14	166349	206201	177597	217840	11248	11639	Agilis_brd.fasta	Opossum_brd.fasta
15	177587	219110	191866	233783	14279	14673	Agilis_brd.fasta	Opossum_brd.fasta
16	191862	234669	200111	242965	8249	8296	Agilis_brd.fasta	Opossum_brd.fasta
17	200109	243559	210115	253563	10006	10004	Agilis_brd.fasta	Opossum_brd.fasta
18	201950	245499	202003	245552	53	53	Agilis_brd.fasta	Opossum_brd.fasta
19	210101	254015	252398	296493	42297	42478	Agilis_brd.fasta	Opossum_brd.fasta
20	252328	297825	257295	302509	4967	4684	Agilis_brd.fasta	Opossum_brd.fasta
21	258201	302481	267179	311274	8978	8793	Agilis_brd.fasta	Opossum_brd.fasta
22	267163	311750	270540	315094	3377	3344	Agilis_brd.fasta	Opossum_brd.fasta
23	271034	315092	271550	315578	516	486	Agilis_brd.fasta	Opossum_brd.fasta
24	271504	316727	285517	330396	14013	13669	Agilis_brd.fasta	Opossum_brd.fasta
25	285907	330389	292597	337064	6690	6675	Agilis_brd.fasta	Opossum_brd.fasta
26	292590	338967	337429	382901	44839	43934	Agilis_brd.fasta	Opossum_brd.fasta
27	337418	383368	338560	384529	1142	1161	Agilis_brd.fasta	Opossum_brd.fasta
28	337879	385595	338538	386275	659	680	Agilis_brd.fasta	Opossum_brd.fasta
29	337879	384174	338555	384886	676	712	Agilis_brd.fasta	Opossum_brd.fasta
30	337879	385924	343292	391590	5413	5666	Agilis_brd.fasta	Opossum_brd.fasta
31	343931	391599	345437	393122	1506	1523	Agilis_brd.fasta	Opossum_brd.fasta
32	345435	394042	349395	397923	3960	3881	Agilis_brd.fasta	Opossum_brd.fasta
33	349414	398445	350519	399544	1105	1099	Agilis_brd.fasta	Opossum_brd.fasta
34	350514	400518	365699	415199	15185	14681	Agilis_brd.fasta	Opossum_brd.fasta
35	356985	406910	358378	408199	1393	1289	Agilis_brd.fasta	Opossum_brd.fasta
36	367084	415181	372308	420519	5224	5338	Agilis_brd.fasta	Opossum_brd.fasta
37	372765	420477	374503	422151	1738	1674	Agilis_brd.fasta	Opossum_brd.fasta
38	377409	422715	379084	424307	1675	1592	Agilis_brd.fasta	Opossum_brd.fasta
39	379890	424293	380258	424660	368	367	Agilis_brd.fasta	Opossum_brd.fasta
40	380253	424995	380416	425159	163	164	Agilis_brd.fasta	Opossum_brd.fasta
41	380406	426049	381275	426916	869	867	Agilis_brd.fasta	Opossum_brd.fasta
42	381544	428637	389921	437063	8377	8426	Agilis_brd.fasta	Opossum_brd.fasta
43	390662	437032	397700	444385	7038	7353	Agilis_brd.fasta	Opossum_brd.fasta
44	398139	444391	399253	445456	1114	1065	Agilis_brd.fasta	Opossum_brd.fasta
45	400493	445445	404064	448703	3571	3258	Agilis_brd.fasta	Opossum_brd.fasta
46	402638	447073	404491	449058	1853	1985	Agilis_brd.fasta	Opossum_brd.fasta
47	402986	447088	404109	448562	1123	1474	Agilis_brd.fasta	Opossum_brd.fasta
48	406595	457239	411623	462243	5028	5004	Agilis_brd.fasta	Opossum_brd.fasta
49	413210	462245	414753	463732	1543	1487	Agilis_brd.fasta	Opossum_brd.fasta
50	414753	464688	415149	465080	396	392	Agilis_brd.fasta	Opossum_brd.fasta
51	420062	465078	432012	477100	11950	12022	Agilis_brd.fasta	Opossum_brd.fasta
52	431996	477644	444629	489473	12633	11829	Agilis_brd.fasta	Opossum_brd.fasta
53	444625	490340	444857	490574	232	234	Agilis_brd.fasta	Opossum_brd.fasta
54	444849	491295	456533	503034	11684	11739	Agilis_brd.fasta	Opossum_brd.fasta
55	456524	503548	458731	505741	2207	2193	Agilis_brd.fasta	Opossum_brd.fasta
56	374863	422717	375432	422139	569	578	Agilis_brd.fasta	Opossum_brd.fasta
57	384890	419437	385132	419199	242	238	Agilis_brd.fasta	Opossum_brd.fasta
0	44328	165	54540	10488	10212	10323	Opossum_brd.fasta	Koala_brd.fasta
1	50494	6405	50711	6604	217	199	Opossum_brd.fasta	Koala_brd.fasta
2	55057	10469	57907	13102	2850	2633	Opossum_brd.fasta	Koala_brd.fasta
3	58368	13122	61256	15481	2888	2359	Opossum_brd.fasta	Koala_brd.fasta
4	61242	17291	70666	27471	9424	10180	Opossum_brd.fasta	Koala_brd.fasta
5	70655	27809	71996	29192	1341	1383	Opossum_brd.fasta	Koala_brd.fasta
6	72108	29809	72311	30089	203	280	Opossum_brd.fasta	Koala_brd.fasta
7	75120	30090	75817	30780	697	690	Opossum_brd.fasta	Koala_brd.fasta
8	75805	31223	82371	38085	6566	6862	Opossum_brd.fasta	Koala_brd.fasta
9	84534	39678	87965	42983	3431	3305	Opossum_brd.fasta	Koala_brd.fasta
10	87955	45917	89925	47884	1970	1967	Opossum_brd.fasta	Koala_brd.fasta
11	91317	49216	97693	55500	6376	6284	Opossum_brd.fasta	Koala_brd.fasta
12	97667	58387	102349	62945	4682	4558	Opossum_brd.fasta	Koala_brd.fasta
13	102837	63089	102992	63260	155	171	Opossum_brd.fasta	Koala_brd.fasta
14	103351	63244	104905	65052	1554	1808	Opossum_brd.fasta	Koala_brd.fasta
15	104907	66126	105560	66964	653	838	Opossum_brd.fasta	Koala_brd.fasta
16	106524	67044	110577	71264	4053	4220	Opossum_brd.fasta	Koala_brd.fasta
17	110560	72341	111602	73426	1042	1085	Opossum_brd.fasta	Koala_brd.fasta
18	111769	78451	132651	98607	20882	20156	Opossum_brd.fasta	Koala_brd.fasta
19	132650	99218	136363	103255	3713	4037	Opossum_brd.fasta	Koala_brd.fasta
20	138396	103251	145169	109552	6773	6301	Opossum_brd.fasta	Koala_brd.fasta
21	145189	110157	158425	123549	13236	13392	Opossum_brd.fasta	Koala_brd.fasta
22	158440	124079	160649	126284	2209	2205	Opossum_brd.fasta	Koala_brd.fasta
23	163870	126251	164087	126454	217	203	Opossum_brd.fasta	Koala_brd.fasta
24	164368	126408	167643	129746	3275	3338	Opossum_brd.fasta	Koala_brd.fasta
25	167647	130865	173244	136459	5597	5594	Opossum_brd.fasta	Koala_brd.fasta
26	175505	136452	205953	167350	30448	30898	Opossum_brd.fasta	Koala_brd.fasta
27	206690	167330	207954	168375	1264	1045	Opossum_brd.fasta	Koala_brd.fasta
28	208985	168373	209804	169218	819	845	Opossum_brd.fasta	Koala_brd.fasta
29	210214	169204	217613	176832	7399	7628	Opossum_brd.fasta	Koala_brd.fasta
30	218519	177142	225014	183690	6495	6548	Opossum_brd.fasta	Koala_brd.fasta
31	225020	184946	231235	191312	6215	6366	Opossum_brd.fasta	Koala_brd.fasta
32	232519	191302	234734	193785	2215	2483	Opossum_brd.fasta	Koala_brd.fasta
33	235139	193773	242802	201293	7663	7520	Opossum_brd.fasta	Koala_brd.fasta
34	243282	202602	243650	202964	368	362	Opossum_brd.fasta	Koala_brd.fasta
35	243649	203524	245440	205287	1791	1763	Opossum_brd.fasta	Koala_brd.fasta
36	245755	206644	246120	207104	365	460	Opossum_brd.fasta	Koala_brd.fasta
37	246102	208228	247214	209163	1112	935	Opossum_brd.fasta	Koala_brd.fasta
38	248841	214055	250186	215515	1345	1460	Opossum_brd.fasta	Koala_brd.fasta
39	251039	215836	253564	218247	2525	2411	Opossum_brd.fasta	Koala_brd.fasta
40	254213	219407	261787	227127	7574	7720	Opossum_brd.fasta	Koala_brd.fasta
41	261767	227871	271600	238158	9833	10287	Opossum_brd.fasta	Koala_brd.fasta
42	272819	238150	276104	240983	3285	2833	Opossum_brd.fasta	Koala_brd.fasta
43	278224	241669	288754	253174	10530	11505	Opossum_brd.fasta	Koala_brd.fasta
44	291198	253170	295462	256942	4264	3772	Opossum_brd.fasta	Koala_brd.fasta
45	296207	257007	296492	257316	285	309	Opossum_brd.fasta	Koala_brd.fasta
46	297871	257300	298091	257549	220	249	Opossum_brd.fasta	Koala_brd.fasta
47	298108	259602	301521	262916	3413	3314	Opossum_brd.fasta	Koala_brd.fasta
48	301516	263452	309188	271921	7672	8469	Opossum_brd.fasta	Koala_brd.fasta
49	309175	272331	311274	274447	2099	2116	Opossum_brd.fasta	Koala_brd.fasta
50	311751	274432	313634	275920	1883	1488	Opossum_brd.fasta	Koala_brd.fasta
51	314022	277596	315094	278690	1072	1094	Opossum_brd.fasta	Koala_brd.fasta
52	315092	279226	315590	279758	498	532	Opossum_brd.fasta	Koala_brd.fasta
53	316747	279735	329982	293218	13235	13483	Opossum_brd.fasta	Koala_brd.fasta
54	330022	293818	341658	305871	11636	12053	Opossum_brd.fasta	Koala_brd.fasta
55	341653	306617	345093	310397	3440	3780	Opossum_brd.fasta	Koala_brd.fasta
56	345339	310263	346482	311427	1143	1164	Opossum_brd.fasta	Koala_brd.fasta
57	346523	311951	353580	319896	7057	7945	Opossum_brd.fasta	Koala_brd.fasta
58	353582	320680	354595	321725	1013	1045	Opossum_brd.fasta	Koala_brd.fasta
59	354596	323535	359428	328558	4832	5023	Opossum_brd.fasta	Koala_brd.fasta
60	359420	329328	363948	333927	4528	4599	Opossum_brd.fasta	Koala_brd.fasta
61	364207	334733	370549	341192	6342	6459	Opossum_brd.fasta	Koala_brd.fasta
62	370548	341691	384159	355691	13611	14000	Opossum_brd.fasta	Koala_brd.fasta
63	386274	355275	389951	359080	3677	3805	Opossum_brd.fasta	Koala_brd.fasta
64	390575	359092	393122	361840	2547	2748	Opossum_brd.fasta	Koala_brd.fasta
65	394042	361838	395120	363184	1078	1346	Opossum_brd.fasta	Koala_brd.fasta
66	395119	364111	397921	367215	2802	3104	Opossum_brd.fasta	Koala_brd.fasta
67	398447	367238	399530	368576	1083	1338	Opossum_brd.fasta	Koala_brd.fasta
68	400519	368585	402059	370049	1540	1464	Opossum_brd.fasta	Koala_brd.fasta
69	401959	370474	403327	371829	1368	1355	Opossum_brd.fasta	Koala_brd.fasta
70	403317	373015	404562	374286	1245	1271	Opossum_brd.fasta	Koala_brd.fasta
71	404794	375527	413839	384528	9045	9001	Opossum_brd.fasta	Koala_brd.fasta
72	415333	385983	417351	387994	2018	2011	Opossum_brd.fasta	Koala_brd.fasta
73	417826	387978	422180	392444	4354	4466	Opossum_brd.fasta	Koala_brd.fasta
74	422711	395267	424650	397472	1939	2205	Opossum_brd.fasta	Koala_brd.fasta
75	426047	397612	430059	401787	4012	4175	Opossum_brd.fasta	Koala_brd.fasta
76	430838	402345	431519	403058	681	713	Opossum_brd.fasta	Koala_brd.fasta
77	431521	407924	435790	411844	4269	3920	Opossum_brd.fasta	Koala_brd.fasta
78	436247	411780	437063	412585	816	805	Opossum_brd.fasta	Koala_brd.fasta
79	437047	413141	439734	415640	2687	2499	Opossum_brd.fasta	Koala_brd.fasta
80	439718	416625	443492	420574	3774	3949	Opossum_brd.fasta	Koala_brd.fasta
81	444002	420574	444137	420710	135	136	Opossum_brd.fasta	Koala_brd.fasta
82	444383	421623	445006	422247	623	624	Opossum_brd.fasta	Koala_brd.fasta
83	445736	424404	446053	424742	317	338	Opossum_brd.fasta	Koala_brd.fasta
84	446047	425240	446219	425422	172	182	Opossum_brd.fasta	Koala_brd.fasta
85	446219	426301	447773	427895	1554	1594	Opossum_brd.fasta	Koala_brd.fasta
86	448186	427506	450622	430081	2436	2575	Opossum_brd.fasta	Koala_brd.fasta
87	450860	429995	462242	441951	11382	11956	Opossum_brd.fasta	Koala_brd.fasta
88	462244	443487	465079	446308	2835	2821	Opossum_brd.fasta	Koala_brd.fasta
89	465078	448566	466795	450439	1717	1873	Opossum_brd.fasta	Koala_brd.fasta
90	467453	451768	469391	453640	1938	1872	Opossum_brd.fasta	Koala_brd.fasta
91	469421	454032	471093	455720	1672	1688	Opossum_brd.fasta	Koala_brd.fasta
92	471103	457744	471928	458596	825	852	Opossum_brd.fasta	Koala_brd.fasta
93	471933	459620	473056	460490	1123	870	Opossum_brd.fasta	Koala_brd.fasta
94	474815	460671	477100	463118	2285	2447	Opossum_brd.fasta	Koala_brd.fasta
95	481104	464384	485518	469472	4414	5088	Opossum_brd.fasta	Koala_brd.fasta
96	486138	469492	489472	472404	3334	2912	Opossum_brd.fasta	Koala_brd.fasta
97	490341	472402	490589	472634	248	232	Opossum_brd.fasta	Koala_brd.fasta
98	491295	472611	491658	473014	363	403	Opossum_brd.fasta	Koala_brd.fasta
99	492397	473011	493009	473660	612	649	Opossum_brd.fasta	Koala_brd.fasta
100	493097	474405	499602	481562	6505	7157	Opossum_brd.fasta	Koala_brd.fasta
101	498381	480241	498585	480479	204	238	Opossum_brd.fasta	Koala_brd.fasta
102	500088	481580	503028	484239	2940	2659	Opossum_brd.fasta	Koala_brd.fasta
103	503559	484248	505793	486295	2234	2047	Opossum_brd.fasta	Koala_brd.fasta
104	16420	444228	16568	444080	148	148	Opossum_brd.fasta	Koala_brd.fasta
105	18909	374234	19325	373802	416	432	Opossum_brd.fasta	Koala_brd.fasta
106	155717	336067	156041	335739	324	328	Opossum_brd.fasta	Koala_brd.fasta
107	274600	331895	274665	331830	65	65	Opossum_brd.fasta	Koala_brd.fasta
108	307012	331832	307340	331486	328	346	Opossum_brd.fasta	Koala_brd.fasta
109	331404	281865	331666	281601	262	264	Opossum_brd.fasta	Koala_brd.fasta
110	361448	270104	361890	269655	442	449	Opossum_brd.fasta	Koala_brd.fasta
111	417915	263812	418412	263297	497	515	Opossum_brd.fasta	Koala_brd.fasta
112	493345	9871	493512	9684	167	187	Opossum_brd.fasta	Koala_brd.fasta
0	1166	0	13102	11812	11936	11812	Koala_brd.fasta	Tammar_brd.fasta
1	12720	11977	16250	15363	3530	3386	Koala_brd.fasta	Tammar_brd.fasta
2	16222	15856	29008	28356	12786	12500	Koala_brd.fasta	Tammar_brd.fasta
3	30503	28703	38783	36288	8280	7585	Koala_brd.fasta	Tammar_brd.fasta
4	38784	36632	39697	37644	913	1012	Koala_brd.fasta	Tammar_brd.fasta
5	39676	40346	42983	43475	3307	3129	Koala_brd.fasta	Tammar_brd.fasta
6	45914	43462	47758	45309	1844	1847	Koala_brd.fasta	Tammar_brd.fasta
7	48468	45306	55513	52476	7045	7170	Koala_brd.fasta	Tammar_brd.fasta
8	58402	52472	69913	64017	11511	11545	Koala_brd.fasta	Tammar_brd.fasta
9	69901	70954	71264	72310	1363	1356	Koala_brd.fasta	Tammar_brd.fasta
10	72341	72294	97956	98263	25615	25969	Koala_brd.fasta	Tammar_brd.fasta
11	81280	81639	81772	82122	492	483	Koala_brd.fasta	Tammar_brd.fasta
12	99241	103905	119820	124410	20579	20505	Koala_brd.fasta	Tammar_brd.fasta
13	119809	124889	126439	131570	6630	6681	Koala_brd.fasta	Tammar_brd.fasta
14	126434	131907	134620	140108	8186	8201	Koala_brd.fasta	Tammar_brd.fasta
15	135069	140094	153948	158876	18879	18782	Koala_brd.fasta	Tammar_brd.fasta
16	155629	158874	176890	180493	21261	21619	Koala_brd.fasta	Tammar_brd.fasta
17	169649	172995	169764	173107	115	112	Koala_brd.fasta	Tammar_brd.fasta
18	176829	181180	183837	188169	7008	6989	Koala_brd.fasta	Tammar_brd.fasta
19	184925	188178	191356	194472	6431	6294	Koala_brd.fasta	Tammar_brd.fasta
20	191286	196373	193785	198867	2499	2494	Koala_brd.fasta	Tammar_brd.fasta
21	193774	199275	234467	239742	40693	40467	Koala_brd.fasta	Tammar_brd.fasta
22	234753	240458	238154	243510	3401	3052	Koala_brd.fasta	Tammar_brd.fasta
23	238150	244706	240983	247633	2833	2927	Koala_brd.fasta	Tammar_brd.fasta
24	240984	249383	241700	250126	716	743	Koala_brd.fasta	Tammar_brd.fasta
25	241697	250502	247130	255368	5433	4866	Koala_brd.fasta	Tammar_brd.fasta
26	242471	251258	242594	251390	123	132	Koala_brd.fasta	Tammar_brd.fasta
27	248042	255472	257025	264703	8983	9231	Koala_brd.fasta	Tammar_brd.fasta
28	258579	264950	274694	280387	16115	15437	Koala_brd.fasta	Tammar_brd.fasta
29	275245	280385	325455	330027	50210	49642	Koala_brd.fasta	Tammar_brd.fasta
30	326443	330005	333776	337310	7333	7305	Koala_brd.fasta	Tammar_brd.fasta
31	335117	337388	358649	361553	23532	24165	Koala_brd.fasta	Tammar_brd.fasta
32	358636	361926	359090	362374	454	448	Koala_brd.fasta	Tammar_brd.fasta
33	359092	363571	359834	364275	742	704	Koala_brd.fasta	Tammar_brd.fasta
34	359821	367129	367557	374783	7736	7654	Koala_brd.fasta	Tammar_brd.fasta
35	367681	375430	370232	378124	2551	2694	Koala_brd.fasta	Tammar_brd.fasta
36	370185	380969	384205	395375	14020	14406	Koala_brd.fasta	Tammar_brd.fasta
37	374552	385243	374682	385363	130	120	Koala_brd.fasta	Tammar_brd.fasta
38	384631	395335	386940	397676	2309	2341	Koala_brd.fasta	Tammar_brd.fasta
39	386919	400440	388321	401673	1402	1233	Koala_brd.fasta	Tammar_brd.fasta
40	388308	404384	396943	412972	8635	8588	Koala_brd.fasta	Tammar_brd.fasta
41	396936	413302	399272	415846	2336	2544	Koala_brd.fasta	Tammar_brd.fasta
42	397620	413978	397668	414024	48	46	Koala_brd.fasta	Tammar_brd.fasta
43	400161	418468	401787	420085	1626	1617	Koala_brd.fasta	Tammar_brd.fasta
44	402356	420869	411192	429418	8836	8549	Koala_brd.fasta	Tammar_brd.fasta
45	411184	429866	411859	430539	675	673	Koala_brd.fasta	Tammar_brd.fasta
46	411765	431236	414703	434245	2938	3009	Koala_brd.fasta	Tammar_brd.fasta
47	414697	434789	423108	442963	8411	8174	Koala_brd.fasta	Tammar_brd.fasta
48	423102	443503	424741	445149	1639	1646	Koala_brd.fasta	Tammar_brd.fasta
49	425240	445144	425449	445348	209	204	Koala_brd.fasta	Tammar_brd.fasta
50	425943	445329	426454	445843	511	514	Koala_brd.fasta	Tammar_brd.fasta
51	426392	446403	434368	454196	7976	7793	Koala_brd.fasta	Tammar_brd.fasta
52	433798	454486	434502	455312	704	826	Koala_brd.fasta	Tammar_brd.fasta
53	433806	453822	434369	454500	563	678	Koala_brd.fasta	Tammar_brd.fasta
54	435345	455627	443249	462979	7904	7352	Koala_brd.fasta	Tammar_brd.fasta
55	436361	456602	436612	456843	251	241	Koala_brd.fasta	Tammar_brd.fasta
56	443778	462976	458596	477999	14818	15023	Koala_brd.fasta	Tammar_brd.fasta
57	446873	466153	446915	466195	42	42	Koala_brd.fasta	Tammar_brd.fasta
58	448394	467660	448502	467760	108	100	Koala_brd.fasta	Tammar_brd.fasta
59	459578	477958	460651	479008	1073	1050	Koala_brd.fasta	Tammar_brd.fasta
60	460650	480213	463774	483220	3124	3007	Koala_brd.fasta	Tammar_brd.fasta
61	465526	483218	466875	484523	1349	1305	Koala_brd.fasta	Tammar_brd.fasta
62	466448	484993	468952	487500	2504	2507	Koala_brd.fasta	Tammar_brd.fasta
63	122	483828	247	483707	125	121	Koala_brd.fasta	Tammar_brd.fasta
64	3251	448222	3449	448045	198	177	Koala_brd.fasta	Tammar_brd.fasta
65	15506	444219	15660	444061	154	158	Koala_brd.fasta	Tammar_brd.fasta
66	16106	439149	16212	439043	106	106	Koala_brd.fasta	Tammar_brd.fasta
67	17755	430581	17961	430400	206	181	Koala_brd.fasta	Tammar_brd.fasta
68	18388	420347	18533	420206	145	141	Koala_brd.fasta	Tammar_brd.fasta
69	23462	411393	23605	411242	143	151	Koala_brd.fasta	Tammar_brd.fasta
70	23479	407842	23699	407622	220	220	Koala_brd.fasta	Tammar_brd.fasta
71	28996	401355	29187	401165	191	190	Koala_brd.fasta	Tammar_brd.fasta
72	29494	384996	29953	384505	459	491	Koala_brd.fasta	Tammar_brd.fasta
73	32322	384059	32473	383911	151	148	Koala_brd.fasta	Tammar_brd.fasta
74	42972	380996	45915	378115	2943	2881	Koala_brd.fasta	Tammar_brd.fasta
75	48909	377601	49041	377472	132	129	Koala_brd.fasta	Tammar_brd.fasta
76	55248	369129	55334	369044	86	85	Koala_brd.fasta	Tammar_brd.fasta
77	55516	367130	58393	364290	2877	2840	Koala_brd.fasta	Tammar_brd.fasta
78	59597	340901	59703	340795	106	106	Koala_brd.fasta	Tammar_brd.fasta
79	75429	322967	75553	322850	124	117	Koala_brd.fasta	Tammar_brd.fasta
80	77614	312103	77828	311910	214	193	Koala_brd.fasta	Tammar_brd.fasta
81	80736	299153	81340	298603	604	550	Koala_brd.fasta	Tammar_brd.fasta
82	100907	298294	101163	298027	256	267	Koala_brd.fasta	Tammar_brd.fasta
83	101299	294728	101406	294621	107	107	Koala_brd.fasta	Tammar_brd.fasta
84	123143	294561	123215	294489	72	72	Koala_brd.fasta	Tammar_brd.fasta
85	161980	270728	162686	269951	706	777	Koala_brd.fasta	Tammar_brd.fasta
86	162018	276862	162406	276450	388	412	Koala_brd.fasta	Tammar_brd.fasta
87	176970	261295	177157	261107	187	188	Koala_brd.fasta	Tammar_brd.fasta
88	193439	257964	193525	257878	86	86	Koala_brd.fasta	Tammar_brd.fasta
89	205443	257803	205696	257505	253	298	Koala_brd.fasta	Tammar_brd.fasta
90	207075	224772	208067	223799	992	973	Koala_brd.fasta	Tammar_brd.fasta
91	213166	222692	213540	222338	374	354	Koala_brd.fasta	Tammar_brd.fasta
92	213790	221248	213942	221097	152	151	Koala_brd.fasta	Tammar_brd.fasta
93	215691	219396	215842	219248	151	148	Koala_brd.fasta	Tammar_brd.fasta
94	218443	213362	219411	212378	968	984	Koala_brd.fasta	Tammar_brd.fasta
95	271044	210559	271318	210282	274	277	Koala_brd.fasta	Tammar_brd.fasta
96	276098	208735	276685	208155	587	580	Koala_brd.fasta	Tammar_brd.fasta
97	290878	198404	291041	198247	163	157	Koala_brd.fasta	Tammar_brd.fasta
98	293305	191252	293418	191145	113	107	Koala_brd.fasta	Tammar_brd.fasta
99	293579	188949	293694	188830	115	119	Koala_brd.fasta	Tammar_brd.fasta
100	349627	186323	350124	185836	497	487	Koala_brd.fasta	Tammar_brd.fasta
101	367563	173232	367687	173108	124	124	Koala_brd.fasta	Tammar_brd.fasta
102	376285	167080	376460	166879	175	201	Koala_brd.fasta	Tammar_brd.fasta
103	391682	162279	391890	162081	208	198	Koala_brd.fasta	Tammar_brd.fasta
104	409129	155994	409301	155814	172	180	Koala_brd.fasta	Tammar_brd.fasta
105	421178	145244	421471	144949	293	295	Koala_brd.fasta	Tammar_brd.fasta
106	434218	129011	434349	128879	131	132	Koala_brd.fasta	Tammar_brd.fasta
107	434482	128268	434591	128166	109	102	Koala_brd.fasta	Tammar_brd.fasta
108	443976	105826	444229	105578	253	248	Koala_brd.fasta	Tammar_brd.fasta
109	446016	69327	446557	68800	541	527	Koala_brd.fasta	Tammar_brd.fasta
110	447180	64586	447348	64413	168	173	Koala_brd.fasta	Tammar_brd.fasta
111	451702	56715	451870	56540	168	175	Koala_brd.fasta	Tammar_brd.fasta
112	463797	28668	464062	28390	265	278	Koala_brd.fasta	Tammar_brd.fasta
113	474169	22802	474334	22639	165	163	Koala_brd.fasta	Tammar_brd.fasta
114	475845	17571	476032	17418	187	153	Koala_brd.fasta	Tammar_brd.fasta
115	476901	2266	477130	2038	229	228	Koala_brd.fasta	Tammar_brd.fasta
0	0	851	13037	13849	13037	12998	Tammar_brd.fasta	Brushtail_brd.fasta
1	13020	18430	14865	20118	1845	1688	Tammar_brd.fasta	Brushtail_brd.fasta
2	14674	20623	15363	21309	689	686	Tammar_brd.fasta	Brushtail_brd.fasta
3	15856	21281	28356	33598	12500	12317	Tammar_brd.fasta	Brushtail_brd.fasta
4	28360	35231	36618	43958	8258	8727	Tammar_brd.fasta	Brushtail_brd.fasta
5	36572	46847	45306	55311	8734	8464	Tammar_brd.fasta	Brushtail_brd.fasta
6	45306	58820	60667	73655	15361	14835	Tammar_brd.fasta	Brushtail_brd.fasta
7	60640	76573	62325	78220	1685	1647	Tammar_brd.fasta	Brushtail_brd.fasta
8	62327	78980	64129	80858	1802	1878	Tammar_brd.fasta	Brushtail_brd.fasta
9	68671	81768	74753	87407	6082	5639	Tammar_brd.fasta	Brushtail_brd.fasta
10	75707	87391	76536	88212	829	821	Tammar_brd.fasta	Brushtail_brd.fasta
11	77228	88207	98226	109297	20998	21090	Tammar_brd.fasta	Brushtail_brd.fasta
12	81072	92226	81292	92454	220	228	Tammar_brd.fasta	Brushtail_brd.fasta
13	103902	110643	104523	111276	621	633	Tammar_brd.fasta	Brushtail_brd.fasta
14	105510	111274	124412	130274	18902	19000	Tammar_brd.fasta	Brushtail_brd.fasta
15	124890	130262	139322	144726	14432	14464	Tammar_brd.fasta	Brushtail_brd.fasta
16	139287	152037	140108	152864	821	827	Tammar_brd.fasta	Brushtail_brd.fasta
17	140086	153282	144768	158010	4682	4728	Tammar_brd.fasta	Brushtail_brd.fasta
18	144751	158449	158876	172624	14125	14175	Tammar_brd.fasta	Brushtail_brd.fasta
19	158877	174579	166765	182502	7888	7923	Tammar_brd.fasta	Brushtail_brd.fasta
20	166738	185352	185228	203524	18490	18172	Tammar_brd.fasta	Brushtail_brd.fasta
21	173016	191567	173107	191655	91	88	Tammar_brd.fasta	Brushtail_brd.fasta
22	185212	204016	188170	206999	2958	2983	Tammar_brd.fasta	Brushtail_brd.fasta
23	188166	208053	219116	239390	30950	31337	Tammar_brd.fasta	Brushtail_brd.fasta
24	219099	239820	238435	259147	19336	19327	Tammar_brd.fasta	Brushtail_brd.fasta
25	238431	259899	240379	261873	1948	1974	Tammar_brd.fasta	Brushtail_brd.fasta
26	240458	263046	249257	271693	8799	8647	Tammar_brd.fasta	Brushtail_brd.fasta
27	249240	274554	255368	280715	6128	6161	Tammar_brd.fasta	Brushtail_brd.fasta
28	255415	281602	274299	300197	18884	18595	Tammar_brd.fasta	Brushtail_brd.fasta
29	274289	300781	276553	302980	2264	2199	Tammar_brd.fasta	Brushtail_brd.fasta
30	277081	302448	280387	305768	3306	3320	Tammar_brd.fasta	Brushtail_brd.fasta
31	280385	306772	288306	314718	7921	7946	Tammar_brd.fasta	Brushtail_brd.fasta
32	288213	316556	292486	320899	4273	4343	Tammar_brd.fasta	Brushtail_brd.fasta
33	292474	323788	315236	346469	22762	22681	Tammar_brd.fasta	Brushtail_brd.fasta
34	315061	346692	326523	358251	11462	11559	Tammar_brd.fasta	Brushtail_brd.fasta
35	327732	358239	329984	360530	2252	2291	Tammar_brd.fasta	Brushtail_brd.fasta
36	329906	361447	337310	368509	7404	7062	Tammar_brd.fasta	Brushtail_brd.fasta
37	331046	362634	331218	362810	172	176	Tammar_brd.fasta	Brushtail_brd.fasta
38	337384	369757	364275	396076	26891	26319	Tammar_brd.fasta	Brushtail_brd.fasta
39	361926	393725	362525	394306	599	581	Tammar_brd.fasta	Brushtail_brd.fasta
40	367129	396063	367733	396680	604	617	Tammar_brd.fasta	Brushtail_brd.fasta
41	369793	396673	374733	401663	4940	4990	Tammar_brd.fasta	Brushtail_brd.fasta
42	375425	401649	375684	401904	259	255	Tammar_brd.fasta	Brushtail_brd.fasta
43	376001	401854	378124	403886	2123	2032	Tammar_brd.fasta	Brushtail_brd.fasta
44	380984	403858	385548	408457	4564	4599	Tammar_brd.fasta	Brushtail_brd.fasta
45	385970	417734	395375	427142	9405	9408	Tammar_brd.fasta	Brushtail_brd.fasta
46	395338	427577	396622	428767	1284	1190	Tammar_brd.fasta	Brushtail_brd.fasta
47	396076	428961	397676	430361	1600	1400	Tammar_brd.fasta	Brushtail_brd.fasta
48	400420	430320	401675	431591	1255	1271	Tammar_brd.fasta	Brushtail_brd.fasta
49	404384	431576	412970	440286	8586	8710	Tammar_brd.fasta	Brushtail_brd.fasta
50	413307	440284	413633	440621	326	337	Tammar_brd.fasta	Brushtail_brd.fasta
51	418719	440997	420114	442390	1395	1393	Tammar_brd.fasta	Brushtail_brd.fasta
52	420111	442905	427569	450285	7458	7380	Tammar_brd.fasta	Brushtail_brd.fasta
53	427558	452634	434245	459233	6687	6599	Tammar_brd.fasta	Brushtail_brd.fasta
54	434789	459227	439940	464255	5151	5028	Tammar_brd.fasta	Brushtail_brd.fasta
55	439932	464887	442299	467244	2367	2357	Tammar_brd.fasta	Brushtail_brd.fasta
56	447421	467241	449194	469018	1773	1777	Tammar_brd.fasta	Brushtail_brd.fasta
57	449189	469603	454500	474918	5311	5315	Tammar_brd.fasta	Brushtail_brd.fasta
58	454171	474114	455312	475052	1141	938	Tammar_brd.fasta	Brushtail_brd.fasta
59	455636	475924	466527	487118	10891	11194	Tammar_brd.fasta	Brushtail_brd.fasta
60	467003	487064	479196	499308	12193	12244	Tammar_brd.fasta	Brushtail_brd.fasta
61	479183	501877	483220	505946	4037	4069	Tammar_brd.fasta	Brushtail_brd.fasta
62	483222	508862	483904	509524	682	662	Tammar_brd.fasta	Brushtail_brd.fasta
63	484534	509620	487500	512714	2966	3094	Tammar_brd.fasta	Brushtail_brd.fasta
64	43998	444851	44593	444126	595	725	Tammar_brd.fasta	Brushtail_brd.fasta
65	139461	366610	139842	366215	381	395	Tammar_brd.fasta	Brushtail_brd.fasta
66	150977	294157	151086	294044	109	113	Tammar_brd.fasta	Brushtail_brd.fasta
67	205074	225991	205825	225240	751	751	Tammar_brd.fasta	Brushtail_brd.fasta
68	287731	223618	287949	223414	218	204	Tammar_brd.fasta	Brushtail_brd.fasta
69	300230	194606	300472	194359	242	247	Tammar_brd.fasta	Brushtail_brd.fasta
70	351897	131516	352276	131153	379	363	Tammar_brd.fasta	Brushtail_brd.fasta
71	351903	161543	352436	161031	533	512	Tammar_brd.fasta	Brushtail_brd.fasta
72	362116	7981	362253	7845	137	136	Tammar_brd.fasta	Brushtail_brd.fasta
